[[	105	 , 	106	 , 	107	 ], 
[	147	 , 	148	 , 	149	 ], 
[	174	 , 	175	 , 	176	 ], 
[	177	 , 	178	 , 	179	 ], 
[	186	 , 	187	 , 	188	 ], 
[	216	 , 	217	 , 	218	 ], 
[	309	 , 	310	 , 	311	 ], 
[	438	 , 	439	 , 	440	 ], 
[	456	 , 	457	 , 	458	 ], 
[	621	 , 	622	 , 	623	 ], 
[	630	 , 	631	 , 	632	 ], 
[	735	 , 	736	 , 	737	 ], 
[	738	 , 	739	 , 	740	 ], 
[	744	 , 	745	 , 	746	 ], 
[	747	 , 	748	 , 	749	 ], 
[	777	 , 	778	 , 	779	 ], 
[	798	 , 	799	 , 	800	 ], 
[	834	 , 	835	 , 	836	 ], 
[	912	 , 	913	 , 	914	 ], 
[	960	 , 	961	 , 	962	 ], 
[	1044	 , 	1045	 , 	1046	 ], 
[	1086	 , 	1087	 , 	1088	 ], 
[	1158	 , 	1159	 , 	1160	 ], 
[	1224	 , 	1225	 , 	1226	 ], 
[	1308	 , 	1309	 , 	1310	 ], 
[	1362	 , 	1363	 , 	1364	 ], 
[	1470	 , 	1471	 , 	1472	 ], 
[	1635	 , 	1636	 , 	1637	 ], 
[	1671	 , 	1672	 , 	1673	 ], 
[	1680	 , 	1681	 , 	1682	 ], 
[	1803	 , 	1804	 , 	1805	 ], 
[	1857	 , 	1858	 , 	1859	 ], 
[	1962	 , 	1963	 , 	1964	 ], 
[	2055	 , 	2056	 , 	2057	 ], 
[	2079	 , 	2080	 , 	2081	 ], 
[	2103	 , 	2104	 , 	2105	 ], 
[	2187	 , 	2188	 , 	2189	 ], 
[	2196	 , 	2197	 , 	2198	 ], 
[	2223	 , 	2224	 , 	2225	 ], 
[	2235	 , 	2236	 , 	2237	 ], 
[	2253	 , 	2254	 , 	2255	 ], 
[	2292	 , 	2293	 , 	2294	 ], 
[	2301	 , 	2302	 , 	2303	 ], 
[	2328	 , 	2329	 , 	2330	 ], 
[	2382	 , 	2383	 , 	2384	 ], 
[	2451	 , 	2452	 , 	2453	 ], 
[	2463	 , 	2464	 , 	2465	 ], 
[	2523	 , 	2524	 , 	2525	 ], 
[	2607	 , 	2608	 , 	2609	 ], 
[	2610	 , 	2611	 , 	2612	 ], 
[	2616	 , 	2617	 , 	2618	 ], 
[	2670	 , 	2671	 , 	2672	 ], 
[	2718	 , 	2719	 , 	2720	 ], 
[	2742	 , 	2743	 , 	2744	 ], 
[	2778	 , 	2779	 , 	2780	 ], 
[	2799	 , 	2800	 , 	2801	 ], 
[	2838	 , 	2839	 , 	2840	 ], 
[	2892	 , 	2893	 , 	2894	 ], 
[	2895	 , 	2896	 , 	2897	 ], 
[	2985	 , 	2986	 , 	2987	 ], 
[	3039	 , 	3040	 , 	3041	 ], 
[	3153	 , 	3154	 , 	3155	 ], 
[	3234	 , 	3235	 , 	3236	 ], 
[	3294	 , 	3295	 , 	3296	 ], 
[	3420	 , 	3421	 , 	3422	 ], 
[	3435	 , 	3436	 , 	3437	 ], 
[	3438	 , 	3439	 , 	3440	 ], 
[	3588	 , 	3589	 , 	3590	 ], 
[	3717	 , 	3718	 , 	3719	 ], 
[	3804	 , 	3805	 , 	3806	 ], 
[	3834	 , 	3835	 , 	3836	 ], 
[	3846	 , 	3847	 , 	3848	 ], 
[	3858	 , 	3859	 , 	3860	 ], 
[	3867	 , 	3868	 , 	3869	 ], 
[	3915	 , 	3916	 , 	3917	 ], 
[	3942	 , 	3943	 , 	3944	 ], 
[	4071	 , 	4072	 , 	4073	 ], 
[	4170	 , 	4171	 , 	4172	 ], 
[	4203	 , 	4204	 , 	4205	 ], 
[	4224	 , 	4225	 , 	4226	 ], 
[	4347	 , 	4348	 , 	4349	 ], 
[	4413	 , 	4414	 , 	4415	 ], 
[	4416	 , 	4417	 , 	4418	 ], 
[	4470	 , 	4471	 , 	4472	 ], 
[	4545	 , 	4546	 , 	4547	 ], 
[	4551	 , 	4552	 , 	4553	 ], 
[	4671	 , 	4672	 , 	4673	 ], 
[	4722	 , 	4723	 , 	4724	 ], 
[	4770	 , 	4771	 , 	4772	 ], 
[	4800	 , 	4801	 , 	4802	 ], 
[	4803	 , 	4804	 , 	4805	 ], 
[	4818	 , 	4819	 , 	4820	 ], 
[	4851	 , 	4852	 , 	4853	 ], 
[	4971	 , 	4972	 , 	4973	 ], 
[	4995	 , 	4996	 , 	4997	 ], 
[	5037	 , 	5038	 , 	5039	 ], 
[	5046	 , 	5047	 , 	5048	 ], 
[	5067	 , 	5068	 , 	5069	 ], 
[	5088	 , 	5089	 , 	5090	 ], 
[	5103	 , 	5104	 , 	5105	 ], 
[	5130	 , 	5131	 , 	5132	 ], 
[	5169	 , 	5170	 , 	5171	 ], 
[	5235	 , 	5236	 , 	5237	 ], 
[	5274	 , 	5275	 , 	5276	 ], 
[	5283	 , 	5284	 , 	5285	 ], 
[	5310	 , 	5311	 , 	5312	 ], 
[	5418	 , 	5419	 , 	5420	 ], 
[	5454	 , 	5455	 , 	5456	 ], 
[	5502	 , 	5503	 , 	5504	 ], 
[	5535	 , 	5536	 , 	5537	 ], 
[	5625	 , 	5626	 , 	5627	 ], 
[	5661	 , 	5662	 , 	5663	 ], 
[	5682	 , 	5683	 , 	5684	 ], 
[	5688	 , 	5689	 , 	5690	 ], 
[	5712	 , 	5713	 , 	5714	 ], 
[	5829	 , 	5830	 , 	5831	 ], 
[	5838	 , 	5839	 , 	5840	 ], 
[	5898	 , 	5899	 , 	5900	 ], 
[	5901	 , 	5902	 , 	5903	 ], 
[	6126	 , 	6127	 , 	6128	 ], 
[	6141	 , 	6142	 , 	6143	 ], 
[	6168	 , 	6169	 , 	6170	 ], 
[	6180	 , 	6181	 , 	6182	 ], 
[	6267	 , 	6268	 , 	6269	 ], 
[	6381	 , 	6382	 , 	6383	 ], 
[	6426	 , 	6427	 , 	6428	 ], 
[	6606	 , 	6607	 , 	6608	 ], 
[	6624	 , 	6625	 , 	6626	 ], 
[	6807	 , 	6808	 , 	6809	 ], 
[	6825	 , 	6826	 , 	6827	 ], 
[	6891	 , 	6892	 , 	6893	 ], 
[	6927	 , 	6928	 , 	6929	 ], 
[	6942	 , 	6943	 , 	6944	 ], 
[	6957	 , 	6958	 , 	6959	 ], 
[	6999	 , 	7000	 , 	7001	 ], 
[	7029	 , 	7030	 , 	7031	 ], 
[	7032	 , 	7033	 , 	7034	 ], 
[	7065	 , 	7066	 , 	7067	 ], 
[	7077	 , 	7078	 , 	7079	 ], 
[	7167	 , 	7168	 , 	7169	 ], 
[	7245	 , 	7246	 , 	7247	 ], 
[	7263	 , 	7264	 , 	7265	 ], 
[	7272	 , 	7273	 , 	7274	 ], 
[	7314	 , 	7315	 , 	7316	 ], 
[	7374	 , 	7375	 , 	7376	 ], 
[	7380	 , 	7381	 , 	7382	 ], 
[	7437	 , 	7438	 , 	7439	 ], 
[	7476	 , 	7477	 , 	7478	 ], 
[	7488	 , 	7489	 , 	7490	 ], 
[	7578	 , 	7579	 , 	7580	 ], 
[	7584	 , 	7585	 , 	7586	 ], 
[	7632	 , 	7633	 , 	7634	 ], 
[	7713	 , 	7714	 , 	7715	 ], 
[	7902	 , 	7903	 , 	7904	 ], 
[	7992	 , 	7993	 , 	7994	 ], 
[	8082	 , 	8083	 , 	8084	 ], 
[	8112	 , 	8113	 , 	8114	 ], 
[	8118	 , 	8119	 , 	8120	 ], 
[	8211	 , 	8212	 , 	8213	 ], 
[	8232	 , 	8233	 , 	8234	 ], 
[	8289	 , 	8290	 , 	8291	 ], 
[	8304	 , 	8305	 , 	8306	 ], 
[	8409	 , 	8410	 , 	8411	 ], 
[	8418	 , 	8419	 , 	8420	 ], 
[	8463	 , 	8464	 , 	8465	 ], 
[	8547	 , 	8548	 , 	8549	 ], 
[	8562	 , 	8563	 , 	8564	 ], 
[	8631	 , 	8632	 , 	8633	 ], 
[	8694	 , 	8695	 , 	8696	 ], 
[	8718	 , 	8719	 , 	8720	 ], 
[	8760	 , 	8761	 , 	8762	 ], 
[	8778	 , 	8779	 , 	8780	 ], 
[	8781	 , 	8782	 , 	8783	 ], 
[	8796	 , 	8797	 , 	8798	 ], 
[	8814	 , 	8815	 , 	8816	 ], 
[	8886	 , 	8887	 , 	8888	 ], 
[	8961	 , 	8962	 , 	8963	 ], 
[	8967	 , 	8968	 , 	8969	 ], 
[	8982	 , 	8983	 , 	8984	 ], 
[	9081	 , 	9082	 , 	9083	 ], 
[	9093	 , 	9094	 , 	9095	 ], 
[	9096	 , 	9097	 , 	9098	 ], 
[	9138	 , 	9139	 , 	9140	 ], 
[	9162	 , 	9163	 , 	9164	 ], 
[	9168	 , 	9169	 , 	9170	 ], 
[	9171	 , 	9172	 , 	9173	 ], 
[	9249	 , 	9250	 , 	9251	 ], 
[	9282	 , 	9283	 , 	9284	 ], 
[	9312	 , 	9313	 , 	9314	 ], 
[	9477	 , 	9478	 , 	9479	 ], 
[	9546	 , 	9547	 , 	9548	 ], 
[	9588	 , 	9589	 , 	9590	 ], 
[	9615	 , 	9616	 , 	9617	 ], 
[	9684	 , 	9685	 , 	9686	 ], 
[	9810	 , 	9811	 , 	9812	 ], 
[	9888	 , 	9889	 , 	9890	 ], 
[	10032	 , 	10033	 , 	10034	 ], 
[	10044	 , 	10045	 , 	10046	 ], 
[	10065	 , 	10066	 , 	10067	 ], 
[	10092	 , 	10093	 , 	10094	 ], 
[	10101	 , 	10102	 , 	10103	 ], 
[	10137	 , 	10138	 , 	10139	 ], 
[	10179	 , 	10180	 , 	10181	 ], 
[	10239	 , 	10240	 , 	10241	 ], 
[	10314	 , 	10315	 , 	10316	 ], 
[	10332	 , 	10333	 , 	10334	 ], 
[	10431	 , 	10432	 , 	10433	 ], 
[	10443	 , 	10444	 , 	10445	 ], 
[	10467	 , 	10468	 , 	10469	 ], 
[	10473	 , 	10474	 , 	10475	 ], 
[	10539	 , 	10540	 , 	10541	 ], 
[	10572	 , 	10573	 , 	10574	 ], 
[	10737	 , 	10738	 , 	10739	 ], 
[	10812	 , 	10813	 , 	10814	 ], 
[	10818	 , 	10819	 , 	10820	 ], 
[	11088	 , 	11089	 , 	11090	 ], 
[	11097	 , 	11098	 , 	11099	 ], 
[	11118	 , 	11119	 , 	11120	 ], 
[	11199	 , 	11200	 , 	11201	 ], 
[	11259	 , 	11260	 , 	11261	 ], 
[	11280	 , 	11281	 , 	11282	 ], 
[	11289	 , 	11290	 , 	11291	 ], 
[	11385	 , 	11386	 , 	11387	 ], 
[	11436	 , 	11437	 , 	11438	 ], 
[	11457	 , 	11458	 , 	11459	 ], 
[	11538	 , 	11539	 , 	11540	 ], 
[	11616	 , 	11617	 , 	11618	 ], 
[	11628	 , 	11629	 , 	11630	 ], 
[	11649	 , 	11650	 , 	11651	 ], 
[	11655	 , 	11656	 , 	11657	 ], 
[	11739	 , 	11740	 , 	11741	 ], 
[	11751	 , 	11752	 , 	11753	 ], 
[	11754	 , 	11755	 , 	11756	 ], 
[	11772	 , 	11773	 , 	11774	 ], 
[	11865	 , 	11866	 , 	11867	 ], 
[	11937	 , 	11938	 , 	11939	 ], 
[	12021	 , 	12022	 , 	12023	 ], 
[	12042	 , 	12043	 , 	12044	 ], 
[	12078	 , 	12079	 , 	12080	 ], 
[	12081	 , 	12082	 , 	12083	 ], 
[	12144	 , 	12145	 , 	12146	 ], 
[	12174	 , 	12175	 , 	12176	 ], 
[	12276	 , 	12277	 , 	12278	 ], 
[	12324	 , 	12325	 , 	12326	 ], 
[	12339	 , 	12340	 , 	12341	 ], 
[	12372	 , 	12373	 , 	12374	 ], 
[	12420	 , 	12421	 , 	12422	 ], 
[	12462	 , 	12463	 , 	12464	 ], 
[	12564	 , 	12565	 , 	12566	 ], 
[	12585	 , 	12586	 , 	12587	 ], 
[	12591	 , 	12592	 , 	12593	 ], 
[	12624	 , 	12625	 , 	12626	 ], 
[	12687	 , 	12688	 , 	12689	 ], 
[	12801	 , 	12802	 , 	12803	 ], 
[	12912	 , 	12913	 , 	12914	 ], 
[	12969	 , 	12970	 , 	12971	 ], 
[	12972	 , 	12973	 , 	12974	 ], 
[	12993	 , 	12994	 , 	12995	 ], 
[	13026	 , 	13027	 , 	13028	 ], 
[	13032	 , 	13033	 , 	13034	 ], 
[	13038	 , 	13039	 , 	13040	 ], 
[	13056	 , 	13057	 , 	13058	 ], 
[	13158	 , 	13159	 , 	13160	 ], 
[	13209	 , 	13210	 , 	13211	 ], 
[	13224	 , 	13225	 , 	13226	 ], 
[	13314	 , 	13315	 , 	13316	 ], 
[	13323	 , 	13324	 , 	13325	 ], 
[	13380	 , 	13381	 , 	13382	 ], 
[	13407	 , 	13408	 , 	13409	 ], 
[	13500	 , 	13501	 , 	13502	 ], 
[	13506	 , 	13507	 , 	13508	 ], 
[	13554	 , 	13555	 , 	13556	 ], 
[	13611	 , 	13612	 , 	13613	 ], 
[	13617	 , 	13618	 , 	13619	 ], 
[	13647	 , 	13648	 , 	13649	 ], 
[	13761	 , 	13762	 , 	13763	 ], 
[	13818	 , 	13819	 , 	13820	 ], 
[	13893	 , 	13894	 , 	13895	 ], 
[	13974	 , 	13975	 , 	13976	 ], 
[	13977	 , 	13978	 , 	13979	 ], 
[	14067	 , 	14068	 , 	14069	 ], 
[	14091	 , 	14092	 , 	14093	 ], 
[	14118	 , 	14119	 , 	14120	 ], 
[	14154	 , 	14155	 , 	14156	 ], 
[	14157	 , 	14158	 , 	14159	 ], 
[	14229	 , 	14230	 , 	14231	 ], 
[	14271	 , 	14272	 , 	14273	 ], 
[	14331	 , 	14332	 , 	14333	 ], 
[	14385	 , 	14386	 , 	14387	 ], 
[	14469	 , 	14470	 , 	14471	 ], 
[	14472	 , 	14473	 , 	14474	 ], 
[	14583	 , 	14584	 , 	14585	 ], 
[	14682	 , 	14683	 , 	14684	 ], 
[	14715	 , 	14716	 , 	14717	 ], 
[	14796	 , 	14797	 , 	14798	 ], 
[	14817	 , 	14818	 , 	14819	 ], 
[	14826	 , 	14827	 , 	14828	 ], 
[	14841	 , 	14842	 , 	14843	 ], 
[	14868	 , 	14869	 , 	14870	 ], 
[	14946	 , 	14947	 , 	14948	 ], 
[	14958	 , 	14959	 , 	14960	 ], 
[	14964	 , 	14965	 , 	14966	 ], 
[	15048	 , 	15049	 , 	15050	 ], 
[	15093	 , 	15094	 , 	15095	 ], 
[	15147	 , 	15148	 , 	15149	 ], 
[	15183	 , 	15184	 , 	15185	 ], 
[	15216	 , 	15217	 , 	15218	 ], 
[	15228	 , 	15229	 , 	15230	 ], 
[	15306	 , 	15307	 , 	15308	 ], 
[	15324	 , 	15325	 , 	15326	 ], 
[	15378	 , 	15379	 , 	15380	 ], 
[	15387	 , 	15388	 , 	15389	 ], 
[	15408	 , 	15409	 , 	15410	 ], 
[	15420	 , 	15421	 , 	15422	 ], 
[	15438	 , 	15439	 , 	15440	 ], 
[	15507	 , 	15508	 , 	15509	 ], 
[	15552	 , 	15553	 , 	15554	 ], 
[	15591	 , 	15592	 , 	15593	 ], 
[	15795	 , 	15796	 , 	15797	 ], 
[	15816	 , 	15817	 , 	15818	 ], 
[	15861	 , 	15862	 , 	15863	 ], 
[	15897	 , 	15898	 , 	15899	 ], 
[	15915	 , 	15916	 , 	15917	 ], 
[	15924	 , 	15925	 , 	15926	 ], 
[	15954	 , 	15955	 , 	15956	 ], 
[	15969	 , 	15970	 , 	15971	 ], 
[	16017	 , 	16018	 , 	16019	 ], 
[	16083	 , 	16084	 , 	16085	 ], 
[	16095	 , 	16096	 , 	16097	 ], 
[	16137	 , 	16138	 , 	16139	 ], 
[	16206	 , 	16207	 , 	16208	 ], 
[	16212	 , 	16213	 , 	16214	 ], 
[	16386	 , 	16387	 , 	16388	 ], 
[	16392	 , 	16393	 , 	16394	 ], 
[	16407	 , 	16408	 , 	16409	 ], 
[	16419	 , 	16420	 , 	16421	 ], 
[	16599	 , 	16600	 , 	16601	 ], 
[	16764	 , 	16765	 , 	16766	 ], 
[	16818	 , 	16819	 , 	16820	 ], 
[	16926	 , 	16927	 , 	16928	 ], 
[	16959	 , 	16960	 , 	16961	 ], 
[	17151	 , 	17152	 , 	17153	 ], 
[	17169	 , 	17170	 , 	17171	 ], 
[	17388	 , 	17389	 , 	17390	 ], 
[	17391	 , 	17392	 , 	17393	 ], 
[	17403	 , 	17404	 , 	17405	 ], 
[	17409	 , 	17410	 , 	17411	 ], 
[	17535	 , 	17536	 , 	17537	 ], 
[	17553	 , 	17554	 , 	17555	 ], 
[	17646	 , 	17647	 , 	17648	 ], 
[	17664	 , 	17665	 , 	17666	 ], 
[	17712	 , 	17713	 , 	17714	 ], 
[	17778	 , 	17779	 , 	17780	 ], 
[	17856	 , 	17857	 , 	17858	 ], 
[	17886	 , 	17887	 , 	17888	 ], 
[	17892	 , 	17893	 , 	17894	 ], 
[	17931	 , 	17932	 , 	17933	 ], 
[	18096	 , 	18097	 , 	18098	 ], 
[	18138	 , 	18139	 , 	18140	 ], 
[	18195	 , 	18196	 , 	18197	 ], 
[	18210	 , 	18211	 , 	18212	 ], 
[	18357	 , 	18358	 , 	18359	 ], 
[	18360	 , 	18361	 , 	18362	 ], 
[	18390	 , 	18391	 , 	18392	 ], 
[	18468	 , 	18469	 , 	18470	 ], 
[	18486	 , 	18487	 , 	18488	 ], 
[	18489	 , 	18490	 , 	18491	 ], 
[	18519	 , 	18520	 , 	18521	 ], 
[	18576	 , 	18577	 , 	18578	 ], 
[	18585	 , 	18586	 , 	18587	 ], 
[	18606	 , 	18607	 , 	18608	 ], 
[	18621	 , 	18622	 , 	18623	 ], 
[	18651	 , 	18652	 , 	18653	 ], 
[	18708	 , 	18709	 , 	18710	 ], 
[	18741	 , 	18742	 , 	18743	 ], 
[	18855	 , 	18856	 , 	18857	 ], 
[	18915	 , 	18916	 , 	18917	 ], 
[	18993	 , 	18994	 , 	18995	 ], 
[	19056	 , 	19057	 , 	19058	 ], 
[	19179	 , 	19180	 , 	19181	 ], 
[	19236	 , 	19237	 , 	19238	 ], 
[	19296	 , 	19297	 , 	19298	 ], 
[	19374	 , 	19375	 , 	19376	 ], 
[	19386	 , 	19387	 , 	19388	 ], 
[	19437	 , 	19438	 , 	19439	 ], 
[	19479	 , 	19480	 , 	19481	 ], 
[	19593	 , 	19594	 , 	19595	 ], 
[	19599	 , 	19600	 , 	19601	 ], 
[	19665	 , 	19666	 , 	19667	 ], 
[	19770	 , 	19771	 , 	19772	 ], 
[	19773	 , 	19774	 , 	19775	 ], 
[	19776	 , 	19777	 , 	19778	 ], 
[	19806	 , 	19807	 , 	19808	 ], 
[	19836	 , 	19837	 , 	19838	 ], 
[	19950	 , 	19951	 , 	19952	 ], 
[	20091	 , 	20092	 , 	20093	 ], 
[	20169	 , 	20170	 , 	20171	 ], 
[	20307	 , 	20308	 , 	20309	 ], 
[	20361	 , 	20362	 , 	20363	 ], 
[	20481	 , 	20482	 , 	20483	 ], 
[	20508	 , 	20509	 , 	20510	 ], 
[	20541	 , 	20542	 , 	20543	 ], 
[	20559	 , 	20560	 , 	20561	 ], 
[	20571	 , 	20572	 , 	20573	 ], 
[	20838	 , 	20839	 , 	20840	 ], 
[	20928	 , 	20929	 , 	20930	 ], 
[	20943	 , 	20944	 , 	20945	 ], 
[	20949	 , 	20950	 , 	20951	 ], 
[	20967	 , 	20968	 , 	20969	 ], 
[	21009	 , 	21010	 , 	21011	 ], 
[	21111	 , 	21112	 , 	21113	 ], 
[	21114	 , 	21115	 , 	21116	 ], 
[	21141	 , 	21142	 , 	21143	 ], 
[	21156	 , 	21157	 , 	21158	 ], 
[	21195	 , 	21196	 , 	21197	 ], 
[	21207	 , 	21208	 , 	21209	 ], 
[	21378	 , 	21379	 , 	21380	 ], 
[	21399	 , 	21400	 , 	21401	 ], 
[	21483	 , 	21484	 , 	21485	 ], 
[	21498	 , 	21499	 , 	21500	 ], 
[	21546	 , 	21547	 , 	21548	 ], 
[	21576	 , 	21577	 , 	21578	 ], 
[	21618	 , 	21619	 , 	21620	 ], 
[	21729	 , 	21730	 , 	21731	 ], 
[	21855	 , 	21856	 , 	21857	 ], 
[	21915	 , 	21916	 , 	21917	 ], 
[	21969	 , 	21970	 , 	21971	 ], 
[	22038	 , 	22039	 , 	22040	 ], 
[	22053	 , 	22054	 , 	22055	 ], 
[	22170	 , 	22171	 , 	22172	 ], 
[	22242	 , 	22243	 , 	22244	 ], 
[	22392	 , 	22393	 , 	22394	 ], 
[	22419	 , 	22420	 , 	22421	 ], 
[	22473	 , 	22474	 , 	22475	 ], 
[	22479	 , 	22480	 , 	22481	 ], 
[	22545	 , 	22546	 , 	22547	 ], 
[	22575	 , 	22576	 , 	22577	 ], 
[	22656	 , 	22657	 , 	22658	 ], 
[	22680	 , 	22681	 , 	22682	 ], 
[	22728	 , 	22729	 , 	22730	 ], 
[	22755	 , 	22756	 , 	22757	 ], 
[	22848	 , 	22849	 , 	22850	 ], 
[	22869	 , 	22870	 , 	22871	 ], 
[	22914	 , 	22915	 , 	22916	 ], 
[	22965	 , 	22966	 , 	22967	 ], 
[	23010	 , 	23011	 , 	23012	 ], 
[	23016	 , 	23017	 , 	23018	 ], 
[	23019	 , 	23020	 , 	23021	 ], 
[	23070	 , 	23071	 , 	23072	 ], 
[	23079	 , 	23080	 , 	23081	 ], 
[	23196	 , 	23197	 , 	23198	 ], 
[	23205	 , 	23206	 , 	23207	 ], 
[	23217	 , 	23218	 , 	23219	 ], 
[	23220	 , 	23221	 , 	23222	 ], 
[	23241	 , 	23242	 , 	23243	 ], 
[	23244	 , 	23245	 , 	23246	 ], 
[	23265	 , 	23266	 , 	23267	 ], 
[	23385	 , 	23386	 , 	23387	 ], 
[	23388	 , 	23389	 , 	23390	 ], 
[	23394	 , 	23395	 , 	23396	 ], 
[	23430	 , 	23431	 , 	23432	 ], 
[	23457	 , 	23458	 , 	23459	 ], 
[	23496	 , 	23497	 , 	23498	 ], 
[	23595	 , 	23596	 , 	23597	 ], 
[	23685	 , 	23686	 , 	23687	 ], 
[	23706	 , 	23707	 , 	23708	 ], 
[	23757	 , 	23758	 , 	23759	 ], 
[	23766	 , 	23767	 , 	23768	 ], 
[	23889	 , 	23890	 , 	23891	 ], 
[	23901	 , 	23902	 , 	23903	 ], 
[	23949	 , 	23950	 , 	23951	 ], 
[	24000	 , 	24001	 , 	24002	 ], 
[	24093	 , 	24094	 , 	24095	 ], 
[	24156	 , 	24157	 , 	24158	 ], 
[	24201	 , 	24202	 , 	24203	 ], 
[	24225	 , 	24226	 , 	24227	 ], 
[	24228	 , 	24229	 , 	24230	 ], 
[	24243	 , 	24244	 , 	24245	 ], 
[	24285	 , 	24286	 , 	24287	 ], 
[	24390	 , 	24391	 , 	24392	 ], 
[	24417	 , 	24418	 , 	24419	 ], 
[	24540	 , 	24541	 , 	24542	 ], 
[	24648	 , 	24649	 , 	24650	 ], 
[	24708	 , 	24709	 , 	24710	 ], 
[	24738	 , 	24739	 , 	24740	 ], 
[	24834	 , 	24835	 , 	24836	 ], 
[	24915	 , 	24916	 , 	24917	 ], 
[	24951	 , 	24952	 , 	24953	 ], 
[	24993	 , 	24994	 , 	24995	 ], 
[	25035	 , 	25036	 , 	25037	 ], 
[	25095	 , 	25096	 , 	25097	 ], 
[	25098	 , 	25099	 , 	25100	 ], 
[	25137	 , 	25138	 , 	25139	 ], 
[	25155	 , 	25156	 , 	25157	 ], 
[	25206	 , 	25207	 , 	25208	 ], 
[	25239	 , 	25240	 , 	25241	 ], 
[	25296	 , 	25297	 , 	25298	 ], 
[	25440	 , 	25441	 , 	25442	 ], 
[	25443	 , 	25444	 , 	25445	 ], 
[	25497	 , 	25498	 , 	25499	 ], 
[	25500	 , 	25501	 , 	25502	 ], 
[	25521	 , 	25522	 , 	25523	 ], 
[	25545	 , 	25546	 , 	25547	 ], 
[	25581	 , 	25582	 , 	25583	 ], 
[	25791	 , 	25792	 , 	25793	 ], 
[	25806	 , 	25807	 , 	25808	 ], 
[	25854	 , 	25855	 , 	25856	 ], 
[	25926	 , 	25927	 , 	25928	 ], 
[	25959	 , 	25960	 , 	25961	 ], 
[	26034	 , 	26035	 , 	26036	 ], 
[	26088	 , 	26089	 , 	26090	 ], 
[	26178	 , 	26179	 , 	26180	 ], 
[	26196	 , 	26197	 , 	26198	 ], 
[	26244	 , 	26245	 , 	26246	 ], 
[	26331	 , 	26332	 , 	26333	 ], 
[	26337	 , 	26338	 , 	26339	 ], 
[	26355	 , 	26356	 , 	26357	 ], 
[	26415	 , 	26416	 , 	26417	 ], 
[	26475	 , 	26476	 , 	26477	 ], 
[	26562	 , 	26563	 , 	26564	 ], 
[	26592	 , 	26593	 , 	26594	 ], 
[	26610	 , 	26611	 , 	26612	 ], 
[	26619	 , 	26620	 , 	26621	 ], 
[	26724	 , 	26725	 , 	26726	 ], 
[	26862	 , 	26863	 , 	26864	 ], 
[	26898	 , 	26899	 , 	26900	 ], 
[	26919	 , 	26920	 , 	26921	 ], 
[	26955	 , 	26956	 , 	26957	 ], 
[	27018	 , 	27019	 , 	27020	 ], 
[	27270	 , 	27271	 , 	27272	 ], 
[	27291	 , 	27292	 , 	27293	 ], 
[	27318	 , 	27319	 , 	27320	 ], 
[	27324	 , 	27325	 , 	27326	 ], 
[	27360	 , 	27361	 , 	27362	 ], 
[	27366	 , 	27367	 , 	27368	 ], 
[	27375	 , 	27376	 , 	27377	 ], 
[	27402	 , 	27403	 , 	27404	 ], 
[	27411	 , 	27412	 , 	27413	 ], 
[	27444	 , 	27445	 , 	27446	 ], 
[	27582	 , 	27583	 , 	27584	 ], 
[	27588	 , 	27589	 , 	27590	 ], 
[	27621	 , 	27622	 , 	27623	 ], 
[	27714	 , 	27715	 , 	27716	 ], 
[	27756	 , 	27757	 , 	27758	 ], 
[	27813	 , 	27814	 , 	27815	 ], 
[	27828	 , 	27829	 , 	27830	 ], 
[	27912	 , 	27913	 , 	27914	 ], 
[	27936	 , 	27937	 , 	27938	 ], 
[	27963	 , 	27964	 , 	27965	 ], 
[	28056	 , 	28057	 , 	28058	 ], 
[	28125	 , 	28126	 , 	28127	 ], 
[	28182	 , 	28183	 , 	28184	 ], 
[	28230	 , 	28231	 , 	28232	 ], 
[	28245	 , 	28246	 , 	28247	 ], 
[	28257	 , 	28258	 , 	28259	 ], 
[	28416	 , 	28417	 , 	28418	 ], 
[	28443	 , 	28444	 , 	28445	 ], 
[	28506	 , 	28507	 , 	28508	 ], 
[	28581	 , 	28582	 , 	28583	 ], 
[	28584	 , 	28585	 , 	28586	 ], 
[	28596	 , 	28597	 , 	28598	 ], 
[	28659	 , 	28660	 , 	28661	 ], 
[	28689	 , 	28690	 , 	28691	 ], 
[	28701	 , 	28702	 , 	28703	 ], 
[	28755	 , 	28756	 , 	28757	 ], 
[	28803	 , 	28804	 , 	28805	 ], 
[	28869	 , 	28870	 , 	28871	 ], 
[	28884	 , 	28885	 , 	28886	 ], 
[	28893	 , 	28894	 , 	28895	 ], 
[	28929	 , 	28930	 , 	28931	 ], 
[	28992	 , 	28993	 , 	28994	 ], 
[	29070	 , 	29071	 , 	29072	 ], 
[	29163	 , 	29164	 , 	29165	 ], 
[	29211	 , 	29212	 , 	29213	 ], 
[	29304	 , 	29305	 , 	29306	 ], 
[	29367	 , 	29368	 , 	29369	 ], 
[	29382	 , 	29383	 , 	29384	 ], 
[	29559	 , 	29560	 , 	29561	 ], 
[	29640	 , 	29641	 , 	29642	 ], 
[	29649	 , 	29650	 , 	29651	 ], 
[	29682	 , 	29683	 , 	29684	 ], 
[	29784	 , 	29785	 , 	29786	 ], 
[	29925	 , 	29926	 , 	29927	 ], 
[	29955	 , 	29956	 , 	29957	 ], 
[	29967	 , 	29968	 , 	29969	 ], 
[	30129	 , 	30130	 , 	30131	 ], 
[	30237	 , 	30238	 , 	30239	 ], 
[	30264	 , 	30265	 , 	30266	 ], 
[	30363	 , 	30364	 , 	30365	 ], 
[	30426	 , 	30427	 , 	30428	 ], 
[	30465	 , 	30466	 , 	30467	 ], 
[	30486	 , 	30487	 , 	30488	 ], 
[	30537	 , 	30538	 , 	30539	 ], 
[	30582	 , 	30583	 , 	30584	 ], 
[	30588	 , 	30589	 , 	30590	 ], 
[	30594	 , 	30595	 , 	30596	 ], 
[	30618	 , 	30619	 , 	30620	 ], 
[	30636	 , 	30637	 , 	30638	 ], 
[	30702	 , 	30703	 , 	30704	 ], 
[	30714	 , 	30715	 , 	30716	 ], 
[	30915	 , 	30916	 , 	30917	 ], 
[	30918	 , 	30919	 , 	30920	 ], 
[	30984	 , 	30985	 , 	30986	 ], 
[	31002	 , 	31003	 , 	31004	 ], 
[	31023	 , 	31024	 , 	31025	 ], 
[	31026	 , 	31027	 , 	31028	 ], 
[	31068	 , 	31069	 , 	31070	 ], 
[	31071	 , 	31072	 , 	31073	 ], 
[	31086	 , 	31087	 , 	31088	 ], 
[	31212	 , 	31213	 , 	31214	 ], 
[	31239	 , 	31240	 , 	31241	 ], 
[	31287	 , 	31288	 , 	31289	 ], 
[	31290	 , 	31291	 , 	31292	 ], 
[	31302	 , 	31303	 , 	31304	 ], 
[	31308	 , 	31309	 , 	31310	 ], 
[	31377	 , 	31378	 , 	31379	 ], 
[	31398	 , 	31399	 , 	31400	 ], 
[	31461	 , 	31462	 , 	31463	 ], 
[	31488	 , 	31489	 , 	31490	 ], 
[	31509	 , 	31510	 , 	31511	 ], 
[	31512	 , 	31513	 , 	31514	 ], 
[	31548	 , 	31549	 , 	31550	 ], 
[	31563	 , 	31564	 , 	31565	 ], 
[	31704	 , 	31705	 , 	31706	 ], 
[	31713	 , 	31714	 , 	31715	 ], 
[	31725	 , 	31726	 , 	31727	 ], 
[	31752	 , 	31753	 , 	31754	 ], 
[	31860	 , 	31861	 , 	31862	 ], 
[	31866	 , 	31867	 , 	31868	 ], 
[	31911	 , 	31912	 , 	31913	 ], 
[	31989	 , 	31990	 , 	31991	 ], 
[	32010	 , 	32011	 , 	32012	 ], 
[	32079	 , 	32080	 , 	32081	 ], 
[	32088	 , 	32089	 , 	32090	 ], 
[	32103	 , 	32104	 , 	32105	 ], 
[	32121	 , 	32122	 , 	32123	 ], 
[	32238	 , 	32239	 , 	32240	 ], 
[	32346	 , 	32347	 , 	32348	 ], 
[	32349	 , 	32350	 , 	32351	 ], 
[	32379	 , 	32380	 , 	32381	 ], 
[	32412	 , 	32413	 , 	32414	 ], 
[	32433	 , 	32434	 , 	32435	 ], 
[	32526	 , 	32527	 , 	32528	 ], 
[	32556	 , 	32557	 , 	32558	 ], 
[	32667	 , 	32668	 , 	32669	 ], 
[	32697	 , 	32698	 , 	32699	 ], 
[	32763	 , 	32764	 , 	32765	 ], 
[	32766	 , 	32767	 , 	32768	 ], 
[	32817	 , 	32818	 , 	32819	 ], 
[	32847	 , 	32848	 , 	32849	 ], 
[	32892	 , 	32893	 , 	32894	 ], 
[	33189	 , 	33190	 , 	33191	 ], 
[	33225	 , 	33226	 , 	33227	 ], 
[	33312	 , 	33313	 , 	33314	 ], 
[	33441	 , 	33442	 , 	33443	 ], 
[	33465	 , 	33466	 , 	33467	 ], 
[	33540	 , 	33541	 , 	33542	 ], 
[	33678	 , 	33679	 , 	33680	 ], 
[	33687	 , 	33688	 , 	33689	 ], 
[	33702	 , 	33703	 , 	33704	 ], 
[	33705	 , 	33706	 , 	33707	 ], 
[	33756	 , 	33757	 , 	33758	 ], 
[	33813	 , 	33814	 , 	33815	 ], 
[	33837	 , 	33838	 , 	33839	 ], 
[	33843	 , 	33844	 , 	33845	 ], 
[	33852	 , 	33853	 , 	33854	 ], 
[	33900	 , 	33901	 , 	33902	 ], 
[	33906	 , 	33907	 , 	33908	 ], 
[	34047	 , 	34048	 , 	34049	 ], 
[	34095	 , 	34096	 , 	34097	 ], 
[	34101	 , 	34102	 , 	34103	 ], 
[	34107	 , 	34108	 , 	34109	 ], 
[	34116	 , 	34117	 , 	34118	 ], 
[	34131	 , 	34132	 , 	34133	 ], 
[	34149	 , 	34150	 , 	34151	 ], 
[	34152	 , 	34153	 , 	34154	 ], 
[	34197	 , 	34198	 , 	34199	 ], 
[	34260	 , 	34261	 , 	34262	 ], 
[	34263	 , 	34264	 , 	34265	 ], 
[	34284	 , 	34285	 , 	34286	 ], 
[	34314	 , 	34315	 , 	34316	 ], 
[	34368	 , 	34369	 , 	34370	 ], 
[	34407	 , 	34408	 , 	34409	 ], 
[	34500	 , 	34501	 , 	34502	 ], 
[	34560	 , 	34561	 , 	34562	 ], 
[	34635	 , 	34636	 , 	34637	 ], 
[	34782	 , 	34783	 , 	34784	 ], 
[	34791	 , 	34792	 , 	34793	 ], 
[	34818	 , 	34819	 , 	34820	 ], 
[	34845	 , 	34846	 , 	34847	 ], 
[	34869	 , 	34870	 , 	34871	 ], 
[	34935	 , 	34936	 , 	34937	 ], 
[	34947	 , 	34948	 , 	34949	 ], 
[	34974	 , 	34975	 , 	34976	 ], 
[	35028	 , 	35029	 , 	35030	 ], 
[	35037	 , 	35038	 , 	35039	 ], 
[	35049	 , 	35050	 , 	35051	 ], 
[	35073	 , 	35074	 , 	35075	 ], 
[	35082	 , 	35083	 , 	35084	 ], 
[	35091	 , 	35092	 , 	35093	 ], 
[	35163	 , 	35164	 , 	35165	 ], 
[	35196	 , 	35197	 , 	35198	 ], 
[	35238	 , 	35239	 , 	35240	 ], 
[	35340	 , 	35341	 , 	35342	 ], 
[	35343	 , 	35344	 , 	35345	 ], 
[	35361	 , 	35362	 , 	35363	 ], 
[	35415	 , 	35416	 , 	35417	 ], 
[	35496	 , 	35497	 , 	35498	 ], 
[	35505	 , 	35506	 , 	35507	 ], 
[	35520	 , 	35521	 , 	35522	 ], 
[	35592	 , 	35593	 , 	35594	 ], 
[	35631	 , 	35632	 , 	35633	 ], 
[	35676	 , 	35677	 , 	35678	 ], 
[	35757	 , 	35758	 , 	35759	 ], 
[	35901	 , 	35902	 , 	35903	 ], 
[	35904	 , 	35905	 , 	35906	 ], 
[	35910	 , 	35911	 , 	35912	 ], 
[	35931	 , 	35932	 , 	35933	 ], 
[	35985	 , 	35986	 , 	35987	 ], 
[	36033	 , 	36034	 , 	36035	 ], 
[	36039	 , 	36040	 , 	36041	 ], 
[	36165	 , 	36166	 , 	36167	 ], 
[	36171	 , 	36172	 , 	36173	 ], 
[	36213	 , 	36214	 , 	36215	 ], 
[	36216	 , 	36217	 , 	36218	 ], 
[	36324	 , 	36325	 , 	36326	 ], 
[	36378	 , 	36379	 , 	36380	 ], 
[	36402	 , 	36403	 , 	36404	 ], 
[	36567	 , 	36568	 , 	36569	 ], 
[	36591	 , 	36592	 , 	36593	 ], 
[	36630	 , 	36631	 , 	36632	 ], 
[	36696	 , 	36697	 , 	36698	 ], 
[	36708	 , 	36709	 , 	36710	 ], 
[	36729	 , 	36730	 , 	36731	 ], 
[	36783	 , 	36784	 , 	36785	 ], 
[	36813	 , 	36814	 , 	36815	 ], 
[	36975	 , 	36976	 , 	36977	 ], 
[	36978	 , 	36979	 , 	36980	 ], 
[	36984	 , 	36985	 , 	36986	 ], 
[	37002	 , 	37003	 , 	37004	 ], 
[	37011	 , 	37012	 , 	37013	 ], 
[	37023	 , 	37024	 , 	37025	 ], 
[	37062	 , 	37063	 , 	37064	 ], 
[	37083	 , 	37084	 , 	37085	 ], 
[	37170	 , 	37171	 , 	37172	 ], 
[	37176	 , 	37177	 , 	37178	 ], 
[	37182	 , 	37183	 , 	37184	 ], 
[	37254	 , 	37255	 , 	37256	 ], 
[	37323	 , 	37324	 , 	37325	 ], 
[	37335	 , 	37336	 , 	37337	 ], 
[	37395	 , 	37396	 , 	37397	 ], 
[	37536	 , 	37537	 , 	37538	 ], 
[	37599	 , 	37600	 , 	37601	 ], 
[	37620	 , 	37621	 , 	37622	 ], 
[	37632	 , 	37633	 , 	37634	 ], 
[	37713	 , 	37714	 , 	37715	 ], 
[	37785	 , 	37786	 , 	37787	 ], 
[	37818	 , 	37819	 , 	37820	 ], 
[	37842	 , 	37843	 , 	37844	 ], 
[	37851	 , 	37852	 , 	37853	 ], 
[	37941	 , 	37942	 , 	37943	 ], 
[	37953	 , 	37954	 , 	37955	 ], 
[	38094	 , 	38095	 , 	38096	 ], 
[	38148	 , 	38149	 , 	38150	 ], 
[	38355	 , 	38356	 , 	38357	 ], 
[	38409	 , 	38410	 , 	38411	 ], 
[	38472	 , 	38473	 , 	38474	 ], 
[	38487	 , 	38488	 , 	38489	 ], 
[	38583	 , 	38584	 , 	38585	 ], 
[	38589	 , 	38590	 , 	38591	 ], 
[	38598	 , 	38599	 , 	38600	 ], 
[	38670	 , 	38671	 , 	38672	 ], 
[	38682	 , 	38683	 , 	38684	 ], 
[	38823	 , 	38824	 , 	38825	 ], 
[	38850	 , 	38851	 , 	38852	 ], 
[	38877	 , 	38878	 , 	38879	 ], 
[	38898	 , 	38899	 , 	38900	 ], 
[	38937	 , 	38938	 , 	38939	 ], 
[	38943	 , 	38944	 , 	38945	 ], 
[	39105	 , 	39106	 , 	39107	 ], 
[	39111	 , 	39112	 , 	39113	 ], 
[	39120	 , 	39121	 , 	39122	 ], 
[	39132	 , 	39133	 , 	39134	 ], 
[	39168	 , 	39169	 , 	39170	 ], 
[	39282	 , 	39283	 , 	39284	 ], 
[	39345	 , 	39346	 , 	39347	 ], 
[	39354	 , 	39355	 , 	39356	 ], 
[	39357	 , 	39358	 , 	39359	 ], 
[	39504	 , 	39505	 , 	39506	 ], 
[	39603	 , 	39604	 , 	39605	 ], 
[	39609	 , 	39610	 , 	39611	 ], 
[	39711	 , 	39712	 , 	39713	 ], 
[	39726	 , 	39727	 , 	39728	 ], 
[	39747	 , 	39748	 , 	39749	 ], 
[	39819	 , 	39820	 , 	39821	 ], 
[	39903	 , 	39904	 , 	39905	 ], 
[	39915	 , 	39916	 , 	39917	 ], 
[	39927	 , 	39928	 , 	39929	 ], 
[	39957	 , 	39958	 , 	39959	 ], 
[	39981	 , 	39982	 , 	39983	 ], 
[	39993	 , 	39994	 , 	39995	 ], 
[	40107	 , 	40108	 , 	40109	 ], 
[	40110	 , 	40111	 , 	40112	 ], 
[	40131	 , 	40132	 , 	40133	 ], 
[	40164	 , 	40165	 , 	40166	 ], 
[	40275	 , 	40276	 , 	40277	 ], 
[	40299	 , 	40300	 , 	40301	 ], 
[	40350	 , 	40351	 , 	40352	 ], 
[	40419	 , 	40420	 , 	40421	 ], 
[	40422	 , 	40423	 , 	40424	 ], 
[	40446	 , 	40447	 , 	40448	 ], 
[	40449	 , 	40450	 , 	40451	 ], 
[	40524	 , 	40525	 , 	40526	 ], 
[	40545	 , 	40546	 , 	40547	 ], 
[	40587	 , 	40588	 , 	40589	 ], 
[	40614	 , 	40615	 , 	40616	 ], 
[	40671	 , 	40672	 , 	40673	 ], 
[	40677	 , 	40678	 , 	40679	 ], 
[	40698	 , 	40699	 , 	40700	 ], 
[	40779	 , 	40780	 , 	40781	 ], 
[	40821	 , 	40822	 , 	40823	 ], 
[	40848	 , 	40849	 , 	40850	 ], 
[	40869	 , 	40870	 , 	40871	 ], 
[	40893	 , 	40894	 , 	40895	 ], 
[	40926	 , 	40927	 , 	40928	 ], 
[	40944	 , 	40945	 , 	40946	 ], 
[	41067	 , 	41068	 , 	41069	 ], 
[	41091	 , 	41092	 , 	41093	 ], 
[	41097	 , 	41098	 , 	41099	 ], 
[	41133	 , 	41134	 , 	41135	 ], 
[	41136	 , 	41137	 , 	41138	 ], 
[	41172	 , 	41173	 , 	41174	 ], 
[	41184	 , 	41185	 , 	41186	 ], 
[	41259	 , 	41260	 , 	41261	 ], 
[	41274	 , 	41275	 , 	41276	 ], 
[	41478	 , 	41479	 , 	41480	 ], 
[	41502	 , 	41503	 , 	41504	 ], 
[	41574	 , 	41575	 , 	41576	 ], 
[	41583	 , 	41584	 , 	41585	 ], 
[	41589	 , 	41590	 , 	41591	 ], 
[	41595	 , 	41596	 , 	41597	 ], 
[	41646	 , 	41647	 , 	41648	 ], 
[	41652	 , 	41653	 , 	41654	 ], 
[	41721	 , 	41722	 , 	41723	 ], 
[	41769	 , 	41770	 , 	41771	 ], 
[	41790	 , 	41791	 , 	41792	 ], 
[	41808	 , 	41809	 , 	41810	 ], 
[	42081	 , 	42082	 , 	42083	 ], 
[	42111	 , 	42112	 , 	42113	 ], 
[	42141	 , 	42142	 , 	42143	 ], 
[	42210	 , 	42211	 , 	42212	 ], 
[	42309	 , 	42310	 , 	42311	 ], 
[	42324	 , 	42325	 , 	42326	 ], 
[	42354	 , 	42355	 , 	42356	 ], 
[	42441	 , 	42442	 , 	42443	 ], 
[	42465	 , 	42466	 , 	42467	 ], 
[	42549	 , 	42550	 , 	42551	 ], 
[	42570	 , 	42571	 , 	42572	 ], 
[	42633	 , 	42634	 , 	42635	 ], 
[	42666	 , 	42667	 , 	42668	 ], 
[	42675	 , 	42676	 , 	42677	 ], 
[	42729	 , 	42730	 , 	42731	 ], 
[	42789	 , 	42790	 , 	42791	 ], 
[	42792	 , 	42793	 , 	42794	 ], 
[	42816	 , 	42817	 , 	42818	 ], 
[	42831	 , 	42832	 , 	42833	 ], 
[	42855	 , 	42856	 , 	42857	 ], 
[	42870	 , 	42871	 , 	42872	 ], 
[	42882	 , 	42883	 , 	42884	 ], 
[	42930	 , 	42931	 , 	42932	 ], 
[	42966	 , 	42967	 , 	42968	 ], 
[	42984	 , 	42985	 , 	42986	 ], 
[	43086	 , 	43087	 , 	43088	 ], 
[	43107	 , 	43108	 , 	43109	 ], 
[	43137	 , 	43138	 , 	43139	 ], 
[	43158	 , 	43159	 , 	43160	 ], 
[	43167	 , 	43168	 , 	43169	 ], 
[	43176	 , 	43177	 , 	43178	 ], 
[	43188	 , 	43189	 , 	43190	 ], 
[	43344	 , 	43345	 , 	43346	 ], 
[	43371	 , 	43372	 , 	43373	 ], 
[	43377	 , 	43378	 , 	43379	 ], 
[	43431	 , 	43432	 , 	43433	 ], 
[	43443	 , 	43444	 , 	43445	 ], 
[	43476	 , 	43477	 , 	43478	 ], 
[	43491	 , 	43492	 , 	43493	 ], 
[	43536	 , 	43537	 , 	43538	 ], 
[	43554	 , 	43555	 , 	43556	 ], 
[	43596	 , 	43597	 , 	43598	 ], 
[	43623	 , 	43624	 , 	43625	 ], 
[	43668	 , 	43669	 , 	43670	 ], 
[	43674	 , 	43675	 , 	43676	 ], 
[	43827	 , 	43828	 , 	43829	 ], 
[	43848	 , 	43849	 , 	43850	 ], 
[	43884	 , 	43885	 , 	43886	 ], 
[	43908	 , 	43909	 , 	43910	 ], 
[	43932	 , 	43933	 , 	43934	 ], 
[	43950	 , 	43951	 , 	43952	 ], 
[	44055	 , 	44056	 , 	44057	 ], 
[	44079	 , 	44080	 , 	44081	 ], 
[	44169	 , 	44170	 , 	44171	 ], 
[	44214	 , 	44215	 , 	44216	 ], 
[	44235	 , 	44236	 , 	44237	 ], 
[	44289	 , 	44290	 , 	44291	 ], 
[	44322	 , 	44323	 , 	44324	 ], 
[	44394	 , 	44395	 , 	44396	 ], 
[	44400	 , 	44401	 , 	44402	 ], 
[	44499	 , 	44500	 , 	44501	 ], 
[	44511	 , 	44512	 , 	44513	 ], 
[	44550	 , 	44551	 , 	44552	 ], 
[	44592	 , 	44593	 , 	44594	 ], 
[	44607	 , 	44608	 , 	44609	 ], 
[	44829	 , 	44830	 , 	44831	 ], 
[	44838	 , 	44839	 , 	44840	 ], 
[	44847	 , 	44848	 , 	44849	 ], 
[	44862	 , 	44863	 , 	44864	 ], 
[	44868	 , 	44869	 , 	44870	 ], 
[	44898	 , 	44899	 , 	44900	 ], 
[	44916	 , 	44917	 , 	44918	 ], 
[	44943	 , 	44944	 , 	44945	 ], 
[	44976	 , 	44977	 , 	44978	 ], 
[	44994	 , 	44995	 , 	44996	 ], 
[	45084	 , 	45085	 , 	45086	 ], 
[	45108	 , 	45109	 , 	45110	 ], 
[	45174	 , 	45175	 , 	45176	 ], 
[	45228	 , 	45229	 , 	45230	 ], 
[	45378	 , 	45379	 , 	45380	 ], 
[	45387	 , 	45388	 , 	45389	 ], 
[	45447	 , 	45448	 , 	45449	 ], 
[	45510	 , 	45511	 , 	45512	 ], 
[	45516	 , 	45517	 , 	45518	 ], 
[	45573	 , 	45574	 , 	45575	 ], 
[	45660	 , 	45661	 , 	45662	 ], 
[	45786	 , 	45787	 , 	45788	 ], 
[	45798	 , 	45799	 , 	45800	 ], 
[	45804	 , 	45805	 , 	45806	 ], 
[	45939	 , 	45940	 , 	45941	 ], 
[	45945	 , 	45946	 , 	45947	 ], 
[	45957	 , 	45958	 , 	45959	 ], 
[	45993	 , 	45994	 , 	45995	 ], 
[	45996	 , 	45997	 , 	45998	 ], 
[	46113	 , 	46114	 , 	46115	 ], 
[	46173	 , 	46174	 , 	46175	 ], 
[	46308	 , 	46309	 , 	46310	 ], 
[	46332	 , 	46333	 , 	46334	 ], 
[	46428	 , 	46429	 , 	46430	 ]] 
